(0, 0, 0) = 0
(0, 1, 1) = 2
(0, 2, 2) = 4
(0, 3, 3) = 6
(0, 4, 4) = 8
(0, 5, 5) = 10
(0, 6, 6) = 12
(0, 7, 7) = 14
(0, 8, 8) = 16
(0, 9, 9) = 18
(0, 10, 10) = 20
(0, 11, 11) = 22
(0, 12, 12) = 24
(0, 13, 13) = 26
(0, 14, 14) = 28
(0, 15, 15) = 30
(0, 16, 16) = 32
(0, 17, 17) = 34
(0, 18, 18) = 36
(0, 19, 19) = 38
(0, 20, 20) = 40
(0, 21, 21) = 42
(0, 22, 22) = 44
(0, 23, 23) = 46
(0, 24, 24) = 48
(0, 25, 25) = 50
(0, 26, 26) = 52
(0, 27, 27) = 54
(0, 28, 28) = 56
(0, 29, 29) = 58
(0, 30, 30) = 60
(0, 31, 31) = 62
(0, 32, 32) = 64
(0, 33, 33) = 66
(0, 34, 34) = 68
(0, 35, 35) = 70
(0, 36, 36) = 72
(0, 37, 37) = 74
(0, 38, 38) = 76
(0, 39, 39) = 78
(0, 40, 40) = 80
(0, 41, 41) = 82
(0, 42, 42) = 84
(0, 43, 43) = 86
(0, 44, 44) = 88
(0, 45, 45) = 90
(0, 46, 46) = 92
(0, 47, 47) = 94
(0, 48, 48) = 96
(0, 49, 49) = 98
(0, 50, 50) = 100
(0, 51, 51) = 102
(0, 52, 52) = 104
(0, 53, 53) = 106
(0, 54, 54) = 108
(0, 55, 55) = 110
(0, 56, 56) = 112
(0, 57, 57) = 114
(0, 58, 58) = 116
(0, 59, 59) = 118
(0, 60, 60) = 120
(0, 61, 61) = 122
(0, 62, 62) = 124
(0, 63, 63) = 126
(0, 64, 64) = 128
(0, 65, 65) = 130
(0, 66, 66) = 132
(0, 67, 67) = 134
(0, 68, 68) = 136
(0, 69, 69) = 138
(0, 70, 70) = 140
(0, 71, 71) = 142
(0, 72, 72) = 144
(0, 73, 73) = 146
(0, 74, 74) = 148
(0, 75, 75) = 150
(0, 76, 76) = 152
(0, 77, 77) = 154
(0, 78, 78) = 156
(0, 79, 79) = 158
(0, 80, 80) = 160
(0, 81, 81) = 162
(0, 82, 82) = 164
(0, 83, 83) = 166
(0, 84, 84) = 168
(0, 85, 85) = 170
(0, 86, 86) = 172
(0, 87, 87) = 174
(0, 88, 88) = 176
(0, 89, 89) = 178
(0, 90, 90) = 180
(0, 91, 91) = 182
(0, 92, 92) = 184
(0, 93, 93) = 186
(0, 94, 94) = 188
(0, 95, 95) = 190
(0, 96, 96) = 192
(0, 97, 97) = 194
(0, 98, 98) = 196
(0, 99, 99) = 198
(0, 100, 100) = 200
(3, 4, 5) = 12
(5, 12, 13) = 30
(6, 8, 10) = 24
(7, 24, 25) = 56
(8, 15, 17) = 40
(9, 12, 15) = 36
(9, 40, 41) = 90
(10, 24, 26) = 60
(11, 60, 61) = 132
(12, 16, 20) = 48
(12, 35, 37) = 84
(13, 84, 85) = 182
(14, 48, 50) = 112
(15, 20, 25) = 60
(15, 36, 39) = 90
(16, 30, 34) = 80
(16, 63, 65) = 144
(18, 24, 30) = 72
(18, 80, 82) = 180
(20, 21, 29) = 70
(20, 48, 52) = 120
(21, 28, 35) = 84
(21, 72, 75) = 168
(24, 32, 40) = 96
(24, 45, 51) = 120
(24, 70, 74) = 168
(25, 60, 65) = 150
(27, 36, 45) = 108
(28, 45, 53) = 126
(28, 96, 100) = 224
(30, 40, 50) = 120
(30, 72, 78) = 180
(32, 60, 68) = 160
(33, 44, 55) = 132
(33, 56, 65) = 154
(35, 84, 91) = 210
(36, 48, 60) = 144
(36, 77, 85) = 198
(39, 52, 65) = 156
(39, 80, 89) = 208
(40, 42, 58) = 140
(40, 75, 85) = 200
(42, 56, 70) = 168
(45, 60, 75) = 180
(48, 55, 73) = 176
(48, 64, 80) = 192
(51, 68, 85) = 204
(54, 72, 90) = 216
(57, 76, 95) = 228
(60, 63, 87) = 210
(60, 80, 100) = 240
(65, 72, 97) = 234
